2 4 2
0.438504 0.988181 0.988181 0.438504
0.258216 0.115231 0.115231 0.258216
0.595542 0.723456 0.723456 0.595542
0.783413 0.96806 0.96806 0.783413
0.110572 0.634904 0.634904 0.110572
0.0832631 0.342729 0.342729 0.0832631
0.684984 0.536397 0.536397 0.684984
0.308918 0.257497 0.257497 0.308918
0.692666 0.573698 0.573698 0.692666
0.952031 0.615762 0.615762 0.952031
0.161247 0.130191 0.130191 0.161247
0.224514 0.564048 0.564048 0.224514
0.104576 0.198146 0.198146 0.104576
0.178559 0.517527 0.517527 0.178559
0.890112 0.543389 0.543389 0.890112
0.558967 0.550617 0.550617 0.558967
0.935198 0.340841 0.340841 0.935198
0.891157 0.991415 0.991415 0.891157
0.463074 0.341329 0.341329 0.463074
0.941611 0.946117 0.946117 0.941611
0.778448 0.23526 0.23526 0.778448
0.859849 0.279803 0.279803 0.859849
0.416834 0.73597 0.73597 0.416834
0.351147 0.139982 0.139982 0.351147
0.676524 0.0606595 0.0606595 0.676524
0.48298 0.556659 0.556659 0.48298
0.487356 0.0269028 0.0269028 0.487356
0.011804 0.163319 0.163319 0.011804
0.25355 0.0896792 0.0896792 0.25355
0.182899 0.737775 0.737775 0.182899
0.0963616 0.273334 0.273334 0.0963616
0.552913 0.728742 0.728742 0.552913
0.0425148 0.323675 0.323675 0.0425148
0.104501 0.508775 0.508775 0.104501
0.414088 0.232123 0.232123 0.414088
0.332993 0.132821 0.132821 0.332993
0.453686 0.831412 0.831412 0.453686
0.339119 0.817333 0.817333 0.339119
0.11635 0.400888 0.400888 0.11635
0.867882 0.384689 0.384689 0.867882
0.620628 0.589135 0.589135 0.620628
0.556342 0.392989 0.392989 0.556342
0.602188 0.422628 0.422628 0.602188
0.9857 0.734457 0.734457 0.9857
0.370607 0.0415005 0.0415005 0.370607
0.792777 0.176595 0.176595 0.792777
0.0764007 0.535753 0.535753 0.0764007
0.623335 0.95544 0.95544 0.623335
0.919665 0.784662 0.784662 0.919665
0.58832 0.10946 0.10946 0.58832
0.68786 0.830478 0.830478 0.68786
0.449048 0.00677012 0.00677012 0.449048
0.123535 0.515199 0.515199 0.123535
0.0531254 0.467346 0.467346 0.0531254
0.777616 0.352243 0.352243 0.777616
0.511345 0.0324473 0.0324473 0.511345
0.835417 0.110194 0.110194 0.835417
0.662831 0.118121 0.118121 0.662831
0.172698 0.926905 0.926905 0.172698
0.328788 0.98112 0.98112 0.328788
0.654448 0.133995 0.133995 0.654448
0.311596 0.561561 0.561561 0.311596
0.357589 0.572044 0.572044 0.357589
0.28163 0.302019 0.302019 0.28163
0.722859 0.188363 0.188363 0.722859
0.776511 0.896882 0.896882 0.776511
0.587689 0.284717 0.284717 0.587689
0.136457 0.154596 0.154596 0.136457
0.661308 0.879314 0.879314 0.661308
0.744765 0.203423 0.203423 0.744765
0.230634 0.5197 0.5197 0.230634
0.416358 0.409625 0.409625 0.416358
0.0964594 0.364187 0.364187 0.0964594
0.516925 0.73334 0.73334 0.516925
0.72267 0.782782 0.782782 0.72267
0.74645 0.795456 0.795456 0.74645
0.296101 0.328515 0.328515 0.296101
0.34709 0.982325 0.982325 0.34709
0.804642 0.544289 0.544289 0.804642
0.864177 0.315983 0.315983 0.864177
0.960962 0.891566 0.891566 0.960962
0.405892 0.484188 0.484188 0.405892
0.392478 0.0673577 0.0673577 0.392478
0.98975 0.934933 0.934933 0.98975
0.951031 0.875322 0.875322 0.951031
0.275721 0.215145 0.215145 0.275721
0.20614 0.516366 0.516366 0.20614
0.0565501 0.26491 0.26491 0.0565501
0.774087 0.266154 0.266154 0.774087
0.156699 0.833677 0.833677 0.156699
0.587563 0.10416 0.10416 0.587563
0.00720044 0.851247 0.851247 0.00720044
0.39536 0.332007 0.332007 0.39536
0.746527 0.156219 0.156219 0.746527
0.618753 0.771544 0.771544 0.618753
0.629609 0.767786 0.767786 0.629609
0.356096 0.760187 0.760187 0.356096
0.135082 0.690709 0.690709 0.135082
0.70956 0.0630677 0.0630677 0.70956
0.000583767 0.848888 0.848888 0.000583767
0.0235333 0.0237157 0.0237157 0.0235333
0.853872 0.989831 0.989831 0.853872
0.465932 0.669493 0.669493 0.465932
0.583071 0.684878 0.684878 0.583071
0.501063 0.562169 0.562169 0.501063
0.0333221 0.250374 0.250374 0.0333221
0.0826257 0.266104 0.266104 0.0826257
0.0906889 0.985784 0.985784 0.0906889
0.601138 0.633914 0.633914 0.601138
0.88312 0.497857 0.497857 0.88312
0.228767 0.276127 0.276127 0.228767
0.282303 0.866878 0.866878 0.282303
0.350295 0.737116 0.737116 0.350295
0.588164 0.748168 0.748168 0.588164
0.318508 0.541061 0.541061 0.318508
0.585062 0.485572 0.485572 0.585062
0.569741 0.126908 0.126908 0.569741
0.505167 0.87361 0.87361 0.505167
0.683979 0.834586 0.834586 0.683979
0.296152 0.921178 0.921178 0.296152
0.907688 0.144516 0.144516 0.907688
0.969024 0.672775 0.672775 0.969024
0.54344 0.824615 0.824615 0.54344
0.709182 0.824447 0.824447 0.709182
0.567318 0.718589 0.718589 0.567318
0.137807 0.192164 0.192164 0.137807
0.211155 0.130116 0.130116 0.211155
0.864253 0.1195 0.1195 0.864253
0.961476 0.894304 0.894304 0.961476
0.658732 0.214279 0.214279 0.658732
0.877965 0.846024 0.846024 0.877965
0.622105 0.406735 0.406735 0.622105
0.982548 0.735305 0.735305 0.982548
0.502103 0.946472 0.946472 0.502103
0.859549 0.122511 0.122511 0.859549
0.391013 0.598897 0.598897 0.391013
0.497976 0.982987 0.982987 0.497976
0.66241 0.817593 0.817593 0.66241
0.321847 0.879258 0.879258 0.321847
0.202898 0.677712 0.677712 0.202898
0.920331 0.850204 0.850204 0.920331
0.968513 0.141073 0.141073 0.968513
0.253152 0.13295 0.13295 0.253152
0.332038 0.292503 0.292503 0.332038
0.325894 0.513477 0.513477 0.325894
0.910138 0.0470673 0.0470673 0.910138
0.651943 0.576966 0.576966 0.651943
0.969727 0.419402 0.419402 0.969727
0.635671 0.849176 0.849176 0.635671
0.209783 0.023276 0.023276 0.209783
0.108886 0.761026 0.761026 0.108886
0.244956 0.941385 0.941385 0.244956
0.958833 0.314272 0.314272 0.958833
0.415769 0.773133 0.773133 0.415769
0.829302 0.486032 0.486032 0.829302
0.0601141 0.301789 0.301789 0.0601141
0.919975 0.667124 0.667124 0.919975
0.00734575 0.165735 0.165735 0.00734575
0.499826 0.794427 0.794427 0.499826
0.0505081 0.596855 0.596855 0.0505081
0.342325 0.722057 0.722057 0.342325
0.337338 0.925208 0.925208 0.337338
0.941576 0.690898 0.690898 0.941576
0.39977 0.600325 0.600325 0.39977
0.890394 0.978539 0.978539 0.890394
0.801283 0.770674 0.770674 0.801283
0.887923 0.864573 0.864573 0.887923
0.863363 0.946242 0.946242 0.863363
0.127392 0.71778 0.71778 0.127392
0.364886 0.37272 0.37272 0.364886
0.876478 0.0424312 0.0424312 0.876478
0.273154 0.713343 0.713343 0.273154
0.696522 0.599226 0.599226 0.696522
0.767715 0.458519 0.458519 0.767715
0.0751218 0.442841 0.442841 0.0751218
0.367273 0.920088 0.920088 0.367273
0.832876 0.582573 0.582573 0.832876
0.449481 0.129411 0.129411 0.449481
0.319389 0.724322 0.724322 0.319389
0.598983 0.598861 0.598861 0.598983
0.595327 0.493656 0.493656 0.595327
0.363042 0.148528 0.148528 0.363042
0.136375 0.998409 0.998409 0.136375
0.238557 0.184093 0.184093 0.238557
0.843603 0.567892 0.567892 0.843603
0.0315275 0.426338 0.426338 0.0315275
0.632457 0.55271 0.55271 0.632457
0.752674 0.707582 0.707582 0.752674
0.441907 0.350013 0.350013 0.441907
0.956527 0.496509 0.496509 0.956527
0.263805 0.353824 0.353824 0.263805
0.727454 0.685582 0.685582 0.727454
0.331086 0.811139 0.811139 0.331086
0.37401 0.496113 0.496113 0.37401
0.0755963 0.951305 0.951305 0.0755963
0.708646 0.850283 0.850283 0.708646
0.284076 0.366041 0.366041 0.284076
0.125885 0.139428 0.139428 0.125885
0.623487 0.737275 0.737275 0.623487
0.029007 0.846712 0.846712 0.029007
0.348574 0.883076 0.883076 0.348574
0.512244 0.396403 0.396403 0.512244
0.493526 0.6324 0.6324 0.493526
0.205632 0.353879 0.353879 0.205632
0.124768 0.304178 0.304178 0.124768
0.686094 0.197967 0.197967 0.686094
0.768169 0.899619 0.899619 0.768169
0.190503 0.108161 0.108161 0.190503
0.78822 0.939602 0.939602 0.78822
0.554131 0.568448 0.568448 0.554131
0.645972 0.439151 0.439151 0.645972
0.375562 0.789526 0.789526 0.375562
0.283817 0.696925 0.696925 0.283817
0.196224 0.220729 0.220729 0.196224
0.60708 0.123215 0.123215 0.60708
0.418608 0.70914 0.70914 0.418608
0.762008 0.803138 0.803138 0.762008
0.611429 0.785411 0.785411 0.611429
0.61229 0.11277 0.11277 0.61229
0.464785 0.973923 0.973923 0.464785
0.114202 0.550994 0.550994 0.114202
0.403891 0.224341 0.224341 0.403891
0.0521225 0.353874 0.353874 0.0521225
0.574526 0.0206681 0.0206681 0.574526
0.0702652 0.975233 0.975233 0.0702652
0.906681 0.903381 0.903381 0.906681
0.203322 0.587601 0.587601 0.203322
0.824159 0.0632509 0.0632509 0.824159
0.806404 0.660593 0.660593 0.806404
0.953312 0.704297 0.704297 0.953312
0.643166 0.400254 0.400254 0.643166
0.931963 0.269961 0.269961 0.931963
0.449832 0.896914 0.896914 0.449832
0.598286 0.661893 0.661893 0.598286
0.214721 0.973929 0.973929 0.214721
0.924391 0.609215 0.609215 0.924391
0.0985362 0.398523 0.398523 0.0985362
0.819656 0.864588 0.864588 0.819656
0.258332 0.857843 0.857843 0.258332
0.634785 0.0652791 0.0652791 0.634785
0.222679 0.385282 0.385282 0.222679
0.996426 0.328134 0.328134 0.996426
0.249421 0.90397 0.90397 0.249421
0.860491 0.689827 0.689827 0.860491
0.699722 0.524528 0.524528 0.699722
0.290882 0.623331 0.623331 0.290882
0.805349 0.0123282 0.0123282 0.805349
0.327539 0.353916 0.353916 0.327539
0.553913 0.0363428 0.0363428 0.553913
0.024545 0.946128 0.946128 0.024545
0.48363 0.609864 0.609864 0.48363
0.108135 0.961404 0.961404 0.108135
0.753296 0.666734 0.666734 0.753296
0.591789 0.110357 0.110357 0.591789
0.866441 0.257931 0.257931 0.866441
0.210953 0.370202 0.370202 0.210953
0.307771 0.289123 0.289123 0.307771
0.470494 0.761344 0.761344 0.470494
0.914649 0.727311 0.727311 0.914649
0.816417 0.231986 0.231986 0.816417
0.187837 0.200846 0.200846 0.187837
0.0130456 0.044647 0.044647 0.0130456
0.657321 0.380839 0.380839 0.657321
0.373134 0.650943 0.650943 0.373134
0.464153 0.114613 0.114613 0.464153
0.524437 0.78831 0.78831 0.524437
0.532013 0.0257298 0.0257298 0.532013
0.408963 0.555633 0.555633 0.408963
0.248679 0.928398 0.928398 0.248679
0.161853 0.309332 0.309332 0.161853
0.452977 0.263992 0.263992 0.452977
0.597836 0.504517 0.504517 0.597836
0.383217 0.854053 0.854053 0.383217
0.732086 0.669629 0.669629 0.732086
0.817378 0.180667 0.180667 0.817378
0.676105 0.927957 0.927957 0.676105
0.170307 0.631005 0.631005 0.170307
0.94265 0.68543 0.68543 0.94265
0.820147 0.475573 0.475573 0.820147
0.147634 0.109291 0.109291 0.147634
0.579716 0.476644 0.476644 0.579716
0.643164 0.222168 0.222168 0.643164
0.211187 0.717603 0.717603 0.211187
0.173935 0.145724 0.145724 0.173935
0.724044 0.892032 0.892032 0.724044
0.359451 0.296656 0.296656 0.359451
0.558075 0.819956 0.819956 0.558075
0.309105 0.587344 0.587344 0.309105
0.952591 0.620069 0.620069 0.952591
0.899144 0.711756 0.711756 0.899144
0.621394 0.769493 0.769493 0.621394
0.348076 0.922392 0.922392 0.348076
0.873423 0.674891 0.674891 0.873423
0.691514 0.804519 0.804519 0.691514
0.0994071 0.186068 0.186068 0.0994071
0.168528 0.364226 0.364226 0.168528
0.942037 0.0995955 0.0995955 0.942037
0.459079 0.515239 0.515239 0.459079
0.756953 0.463851 0.463851 0.756953
0.747453 0.473836 0.473836 0.747453
0.207933 0.361453 0.361453 0.207933
0.218511 0.028842 0.028842 0.218511
0.613759 0.230884 0.230884 0.613759
0.986482 0.706463 0.706463 0.986482
0.899292 0.714653 0.714653 0.899292
0.629924 0.838033 0.838033 0.629924
0.86341 0.719489 0.719489 0.86341
0.671871 0.244702 0.244702 0.671871
0.751282 0.318069 0.318069 0.751282
0.968435 0.138448 0.138448 0.968435
0.288561 0.417199 0.417199 0.288561
0.435198 0.967077 0.967077 0.435198
0.0543914 0.413569 0.413569 0.0543914
0.612764 0.985786 0.985786 0.612764
0.91927 0.486281 0.486281 0.91927
0.378685 0.195595 0.195595 0.378685
0.905434 0.484137 0.484137 0.905434
0.148038 0.0904557 0.0904557 0.148038
0.28772 0.825154 0.825154 0.28772
0.284543 0.895958 0.895958 0.284543
0.524265 0.0631722 0.0631722 0.524265
0.207089 0.683256 0.683256 0.207089
0.645252 0.335623 0.335623 0.645252
0.429405 0.756606 0.756606 0.429405
0.423327 0.308399 0.308399 0.423327
0.941348 0.769835 0.769835 0.941348
0.276578 0.511783 0.511783 0.276578
0.447822 0.866195 0.866195 0.447822
0.888937 0.158984 0.158984 0.888937
0.585984 0.493063 0.493063 0.585984
0.101391 0.645572 0.645572 0.101391
0.16063 0.183148 0.183148 0.16063
0.299777 0.297099 0.297099 0.299777
0.189043 0.814098 0.814098 0.189043
0.0595453 0.101218 0.101218 0.0595453
0.88934 0.348167 0.348167 0.88934
0.276221 0.221846 0.221846 0.276221
0.760491 0.381466 0.381466 0.760491
0.343363 0.801271 0.801271 0.343363
0.228153 0.927998 0.927998 0.228153
0.289583 0.3084 0.3084 0.289583
0.703455 0.463125 0.463125 0.703455
0.848157 0.0193467 0.0193467 0.848157
0.759572 0.518684 0.518684 0.759572
0.188699 0.374584 0.374584 0.188699
0.470399 0.146563 0.146563 0.470399
0.0353071 0.963038 0.963038 0.0353071
0.217662 0.255828 0.255828 0.217662
0.475082 0.0546354 0.0546354 0.475082
0.789882 0.643104 0.643104 0.789882
0.867831 0.771004 0.771004 0.867831
0.816729 0.266289 0.266289 0.816729
0.0238569 0.420359 0.420359 0.0238569
0.0111518 0.362615 0.362615 0.0111518
0.427731 0.889369 0.889369 0.427731
0.874341 0.365656 0.365656 0.874341
0.47222 0.370488 0.370488 0.47222
0.645232 0.826193 0.826193 0.645232
0.342018 0.258515 0.258515 0.342018
0.150025 0.18225 0.18225 0.150025
0.555629 0.812928 0.812928 0.555629
0.289164 0.426606 0.426606 0.289164
0.145955 0.70223 0.70223 0.145955
0.39969 0.485118 0.485118 0.39969
0.261055 0.225005 0.225005 0.261055
0.411863 0.607396 0.607396 0.411863
0.498393 0.391463 0.391463 0.498393
0.401105 0.644137 0.644137 0.401105
0.598004 0.260276 0.260276 0.598004
0.786066 0.350934 0.350934 0.786066
0.964894 0.782987 0.782987 0.964894
0.135527 0.485156 0.485156 0.135527
0.936228 0.0600963 0.0600963 0.936228
0.849855 0.0937786 0.0937786 0.849855
0.259288 0.753061 0.753061 0.259288
0.227772 0.304178 0.304178 0.227772
0.376628 0.488413 0.488413 0.376628
0.133534 0.559898 0.559898 0.133534
0.979036 0.210978 0.210978 0.979036
0.372536 0.887349 0.887349 0.372536
0.44947 0.562554 0.562554 0.44947
0.0352108 0.60301 0.60301 0.0352108
0.521041 0.231789 0.231789 0.521041
0.239676 0.273879 0.273879 0.239676
0.556864 0.930988 0.930988 0.556864
0.773564 0.409649 0.409649 0.773564
0.256231 0.297963 0.297963 0.256231
0.122103 0.230385 0.230385 0.122103
0.537184 0.944122 0.944122 0.537184
0.611166 0.0725602 0.0725602 0.611166
0.62335 0.946411 0.946411 0.62335
0.027546 0.557872 0.557872 0.027546
0.68038 0.273156 0.273156 0.68038
0.569106 0.72915 0.72915 0.569106
0.917295 0.715129 0.715129 0.917295
0.353666 0.203028 0.203028 0.353666
0.491938 0.958327 0.958327 0.491938
0.975391 0.335887 0.335887 0.975391
0.186393 0.150039 0.150039 0.186393
0.780358 0.797216 0.797216 0.780358
0.635375 0.296367 0.296367 0.635375
0.584693 0.986385 0.986385 0.584693
0.609698 0.0583335 0.0583335 0.609698
0.155098 0.500842 0.500842 0.155098
0.243464 0.92448 0.92448 0.243464
0.50277 0.54511 0.54511 0.50277
0.17599 0.0746567 0.0746567 0.17599
0.211599 0.149255 0.149255 0.211599
0.0108037 0.78205 0.78205 0.0108037
0.950784 0.391651 0.391651 0.950784
0.641113 0.523781 0.523781 0.641113
0.58348 0.901094 0.901094 0.58348
0.844438 0.36348 0.36348 0.844438
0.857383 0.755524 0.755524 0.857383
0.453032 0.679386 0.679386 0.453032
0.255505 0.687642 0.687642 0.255505
0.480462 0.445816 0.445816 0.480462
0.778265 0.38965 0.38965 0.778265
0.949302 0.0347572 0.0347572 0.949302
0.930461 0.322493 0.322493 0.930461
0.882816 0.887452 0.887452 0.882816
0.809596 0.792064 0.792064 0.809596
0.416166 0.186349 0.186349 0.416166
0.0914462 0.443725 0.443725 0.0914462
0.265533 0.550088 0.550088 0.265533
0.104651 0.272904 0.272904 0.104651
0.361081 0.519184 0.519184 0.361081
0.880022 0.342433 0.342433 0.880022
0.145906 0.644728 0.644728 0.145906
0.224738 0.22294 0.22294 0.224738
0.533786 0.0917096 0.0917096 0.533786
0.872824 0.502105 0.502105 0.872824
0.28112 0.179695 0.179695 0.28112
0.766642 0.596026 0.596026 0.766642
0.991499 0.0864806 0.0864806 0.991499
0.767576 0.989663 0.989663 0.767576
0.822066 0.114926 0.114926 0.822066
0.79748 0.217377 0.217377 0.79748
0.643123 0.858586 0.858586 0.643123
0.472032 0.673491 0.673491 0.472032
0.4762 0.0283675 0.0283675 0.4762
0.287571 0.446067 0.446067 0.287571
0.347369 0.161905 0.161905 0.347369
0.0463898 0.450819 0.450819 0.0463898
0.244796 0.429845 0.429845 0.244796
0.212272 0.43105 0.43105 0.212272
0.702338 0.22197 0.22197 0.702338
0.127515 0.903059 0.903059 0.127515
0.676518 0.604605 0.604605 0.676518
0.885402 0.877132 0.877132 0.885402
0.816704 0.85683 0.85683 0.816704
0.497969 0.166728 0.166728 0.497969
0.257372 0.431309 0.431309 0.257372
0.0836978 0.501845 0.501845 0.0836978
0.898727 0.67512 0.67512 0.898727
0.50569 0.733056 0.733056 0.50569
0.788675 0.702837 0.702837 0.788675
0.419298 0.441492 0.441492 0.419298
0.646806 0.997908 0.997908 0.646806
0.587899 0.0699128 0.0699128 0.587899
0.83642 0.351387 0.351387 0.83642
0.365515 0.98306 0.98306 0.365515
0.159088 0.373038 0.373038 0.159088
0.749124 0.219982 0.219982 0.749124
0.419229 0.542165 0.542165 0.419229
0.452083 0.599552 0.599552 0.452083
0.312727 0.48197 0.48197 0.312727
0.0887955 0.820863 0.820863 0.0887955
0.186611 0.104222 0.104222 0.186611
0.244579 0.85254 0.85254 0.244579
0.493162 0.367733 0.367733 0.493162
0.534365 0.548295 0.548295 0.534365
0.84515 0.654752 0.654752 0.84515
0.295921 0.11432 0.11432 0.295921
0.957522 0.553074 0.553074 0.957522
0.489281 0.564721 0.564721 0.489281
0.528857 0.347395 0.347395 0.528857
0.594294 0.795107 0.795107 0.594294
0.707903 0.933455 0.933455 0.707903
0.478182 0.481988 0.481988 0.478182
0.871217 0.599915 0.599915 0.871217
0.389737 0.0663296 0.0663296 0.389737
0.238152 0.857144 0.857144 0.238152
0.878027 0.79183 0.79183 0.878027
0.0145543 0.671455 0.671455 0.0145543
0.640375 0.192481 0.192481 0.640375
0.384414 0.936047 0.936047 0.384414
0.757468 0.18143 0.18143 0.757468
0.146501 0.225731 0.225731 0.146501
0.743123 0.210554 0.210554 0.743123
0.886289 0.39761 0.39761 0.886289
0.478275 0.893658 0.893658 0.478275
0.889063 0.939017 0.939017 0.889063
0.462343 0.584578 0.584578 0.462343
0.881818 0.253338 0.253338 0.881818
0.303638 0.196598 0.196598 0.303638
0.0778091 0.0498407 0.0498407 0.0778091
0.112737 0.138652 0.138652 0.112737
0.540375 0.709663 0.709663 0.540375
0.327974 0.319462 0.319462 0.327974
0.803801 0.963881 0.963881 0.803801
0.529054 0.328214 0.328214 0.529054
0.580093 0.495293 0.495293 0.580093
0.338922 0.615481 0.615481 0.338922
0.699853 0.584094 0.584094 0.699853
0.615338 0.521565 0.521565 0.615338
0.183672 0.520647 0.520647 0.183672
0.372317 0.280356 0.280356 0.372317
0.344246 0.477651 0.477651 0.344246
0.141118 0.619991 0.619991 0.141118
0.0160757 0.982051 0.982051 0.0160757
0.878006 0.0386233 0.0386233 0.878006
0.212002 0.0798681 0.0798681 0.212002
0.559264 0.0850024 0.0850024 0.559264
0.112982 0.386368 0.386368 0.112982
0.316292 0.705286 0.705286 0.316292
0.158529 0.361757 0.361757 0.158529
0.44109 0.703838 0.703838 0.44109
0.348959 0.985221 0.985221 0.348959
0.89763 0.462759 0.462759 0.89763
0.0752608 0.0826807 0.0826807 0.0752608
0.769587 0.618982 0.618982 0.769587
0.523689 0.0529421 0.0529421 0.523689
0.464828 0.859466 0.859466 0.464828
0.852177 0.732219 0.732219 0.852177
0.186341 0.901093 0.901093 0.186341
0.0279334 0.0830984 0.0830984 0.0279334
0.66477 0.50167 0.50167 0.66477
0.0740503 0.602403 0.602403 0.0740503
0.751652 0.214122 0.214122 0.751652
0.69219 0.869944 0.869944 0.69219
0.605638 0.65815 0.65815 0.605638
0.199602 0.297163 0.297163 0.199602
0.789911 0.235312 0.235312 0.789911
0.359888 0.725763 0.725763 0.359888
0.322274 0.551411 0.551411 0.322274
0.269888 0.59902 0.59902 0.269888
0.880827 0.155891 0.155891 0.880827
0.817639 0.40093 0.40093 0.817639
0.112597 0.705425 0.705425 0.112597
0.0188705 0.848173 0.848173 0.0188705
0.0667814 0.903944 0.903944 0.0667814
0.892408 0.208868 0.208868 0.892408
0.352814 0.286524 0.286524 0.352814
0.139337 0.206407 0.206407 0.139337
0.720586 0.434877 0.434877 0.720586
0.303857 0.960498 0.960498 0.303857
0.190636 0.389763 0.389763 0.190636
0.299583 0.554302 0.554302 0.299583
0.511333 0.789133 0.789133 0.511333
0.402448 0.739475 0.739475 0.402448
0.752877 0.297546 0.297546 0.752877
0.0738307 0.299151 0.299151 0.0738307
0.417398 0.235462 0.235462 0.417398
0.437487 0.279729 0.279729 0.437487
0.956129 0.32031 0.32031 0.956129
0.553541 0.471495 0.471495 0.553541
0.538603 0.226298 0.226298 0.538603
0.735204 0.849342 0.849342 0.735204
0.414927 0.26589 0.26589 0.414927
0.93681 0.27391 0.27391 0.93681
0.863225 0.752787 0.752787 0.863225
0.423634 0.237625 0.237625 0.423634
0.0293527 0.0759546 0.0759546 0.0293527
0.567726 0.451414 0.451414 0.567726
0.418142 0.655324 0.655324 0.418142
0.91679 0.00960106 0.00960106 0.91679
0.242781 0.164763 0.164763 0.242781
0.684019 0.801833 0.801833 0.684019
0.618191 0.49218 0.49218 0.618191
0.750648 0.501707 0.501707 0.750648
0.0885929 0.940015 0.940015 0.0885929
0.762311 0.648495 0.648495 0.762311
0.133081 0.365358 0.365358 0.133081
0.313177 0.83501 0.83501 0.313177
0.802044 0.0212855 0.0212855 0.802044
0.386552 0.726968 0.726968 0.386552
0.794446 0.241619 0.241619 0.794446
0.893512 0.318287 0.318287 0.893512
0.549026 0.470019 0.470019 0.549026
0.847662 0.606494 0.606494 0.847662
0.546629 0.270274 0.270274 0.546629
0.0639662 0.869669 0.869669 0.0639662
0.0982957 0.260921 0.260921 0.0982957
0.913873 0.984258 0.984258 0.913873
0.107793 0.430112 0.430112 0.107793
0.33585 0.918504 0.918504 0.33585
0.731129 0.572334 0.572334 0.731129
0.587595 0.00633585 0.00633585 0.587595
0.0869174 0.740569 0.740569 0.0869174
0.219303 0.0942296 0.0942296 0.219303
0.137948 0.954314 0.954314 0.137948
0.114221 0.107346 0.107346 0.114221
0.630128 0.10896 0.10896 0.630128
0.419647 0.930122 0.930122 0.419647
0.825581 0.565369 0.565369 0.825581
0.199459 0.284478 0.284478 0.199459
0.00839635 0.146454 0.146454 0.00839635
0.994965 0.562661 0.562661 0.994965
0.681471 0.974031 0.974031 0.681471
0.590167 0.589223 0.589223 0.590167
0.428531 0.188028 0.188028 0.428531
0.0557531 0.94589 0.94589 0.0557531
0.69735 0.961876 0.961876 0.69735
0.157185 0.138196 0.138196 0.157185
0.90852 0.833276 0.833276 0.90852
0.537207 0.382452 0.382452 0.537207
0.705321 0.774484 0.774484 0.705321
0.894491 0.972594 0.972594 0.894491
0.353021 0.96558 0.96558 0.353021
0.398094 0.110182 0.110182 0.398094
0.493372 0.94425 0.94425 0.493372
0.904119 0.928203 0.928203 0.904119
0.937918 0.956343 0.956343 0.937918
0.0959056 0.418882 0.418882 0.0959056
0.674533 0.141816 0.141816 0.674533
0.28084 0.562426 0.562426 0.28084
0.437641 0.221569 0.221569 0.437641
0.747173 0.1066 0.1066 0.747173
0.879277 0.798696 0.798696 0.879277
0.594557 0.956969 0.956969 0.594557
0.659884 0.377728 0.377728 0.659884
0.698305 0.769349 0.769349 0.698305
0.287782 0.185561 0.185561 0.287782
0.0715444 0.488472 0.488472 0.0715444
0.495879 0.794918 0.794918 0.495879
0.30423 0.882924 0.882924 0.30423
0.219553 0.757177 0.757177 0.219553
0.187902 0.824457 0.824457 0.187902
0.718728 0.321878 0.321878 0.718728
0.468151 0.614004 0.614004 0.468151
0.246805 0.270999 0.270999 0.246805
0.855185 0.434934 0.434934 0.855185
0.520961 0.471937 0.471937 0.520961
0.234042 0.0517679 0.0517679 0.234042
0.510479 0.0556227 0.0556227 0.510479
0.891361 0.495012 0.495012 0.891361
0.265541 0.75192 0.75192 0.265541
0.866104 0.402006 0.402006 0.866104
0.780616 0.601874 0.601874 0.780616
0.921106 0.146184 0.146184 0.921106
0.162114 0.397713 0.397713 0.162114
0.0225853 0.659253 0.659253 0.0225853
0.403898 0.995774 0.995774 0.403898
0.236202 0.222992 0.222992 0.236202
0.0338256 0.53767 0.53767 0.0338256
0.778264 0.317546 0.317546 0.778264
0.199861 0.638733 0.638733 0.199861
0.970945 0.691258 0.691258 0.970945
0.326158 0.930752 0.930752 0.326158
0.392817 0.668185 0.668185 0.392817
0.829133 0.79978 0.79978 0.829133
0.610711 0.0316418 0.0316418 0.610711
0.352633 0.329679 0.329679 0.352633
0.728484 0.686681 0.686681 0.728484
0.062624 0.506032 0.506032 0.062624
0.965643 0.557269 0.557269 0.965643
0.546725 0.613628 0.613628 0.546725
0.822938 0.608459 0.608459 0.822938
0.211385 0.851325 0.851325 0.211385
0.269919 0.388771 0.388771 0.269919
0.765667 0.144112 0.144112 0.765667
0.764042 0.799717 0.799717 0.764042
0.882466 0.519067 0.519067 0.882466
0.682172 0.523459 0.523459 0.682172
0.697849 0.743569 0.743569 0.697849
0.85191 0.0644097 0.0644097 0.85191
0.825213 0.168347 0.168347 0.825213
0.251694 0.686642 0.686642 0.251694
0.841154 0.347868 0.347868 0.841154
0.844217 0.463193 0.463193 0.844217
0.10215 0.0213072 0.0213072 0.10215
0.362858 0.409617 0.409617 0.362858
0.48212 0.126073 0.126073 0.48212
0.929392 0.315389 0.315389 0.929392
0.955098 0.796031 0.796031 0.955098
0.660122 0.123185 0.123185 0.660122
0.0227524 0.915293 0.915293 0.0227524
0.214289 0.0325019 0.0325019 0.214289
0.591903 0.311551 0.311551 0.591903
0.234857 0.981538 0.981538 0.234857
0.400544 0.865555 0.865555 0.400544
0.0046905 0.833973 0.833973 0.0046905
0.620134 0.771597 0.771597 0.620134
0.723212 0.0839027 0.0839027 0.723212
0.494744 0.641181 0.641181 0.494744
0.978819 0.997537 0.997537 0.978819
0.950072 0.0797017 0.0797017 0.950072
0.367508 0.167576 0.167576 0.367508
0.0745233 0.974479 0.974479 0.0745233
0.450618 0.750023 0.750023 0.450618
0.240062 0.799293 0.799293 0.240062
0.479616 0.186067 0.186067 0.479616
0.0271043 0.599702 0.599702 0.0271043
0.345843 0.223209 0.223209 0.345843
0.368732 0.174548 0.174548 0.368732
0.401071 0.132255 0.132255 0.401071
0.0570769 0.0423081 0.0423081 0.0570769
0.886486 0.581381 0.581381 0.886486
0.855698 0.882335 0.882335 0.855698
0.431191 0.604535 0.604535 0.431191
0.256627 0.0479516 0.0479516 0.256627
0.0907744 0.591455 0.591455 0.0907744
0.396544 0.0170947 0.0170947 0.396544
0.412289 0.427947 0.427947 0.412289
0.900045 0.843543 0.843543 0.900045
0.911378 0.391669 0.391669 0.911378
0.0987724 0.288562 0.288562 0.0987724
0.519709 0.85571 0.85571 0.519709
0.601062 0.600854 0.600854 0.601062
0.778968 0.654263 0.654263 0.778968
0.611426 0.374154 0.374154 0.611426
0.767181 0.0605264 0.0605264 0.767181
0.439429 0.821876 0.821876 0.439429
0.43776 0.177178 0.177178 0.43776
0.953786 0.250829 0.250829 0.953786
0.0422135 0.829482 0.829482 0.0422135
0.370773 0.721526 0.721526 0.370773
0.42549 0.618421 0.618421 0.42549
0.964734 0.788902 0.788902 0.964734
0.612264 0.726958 0.726958 0.612264
0.446684 0.94012 0.94012 0.446684
0.156128 0.161538 0.161538 0.156128
0.247781 0.556966 0.556966 0.247781
0.0555027 0.552618 0.552618 0.0555027
0.258109 0.411101 0.411101 0.258109
0.0866065 0.510947 0.510947 0.0866065
0.909771 0.957416 0.957416 0.909771
0.495842 0.744403 0.744403 0.495842
0.826833 0.242594 0.242594 0.826833
0.112943 0.237878 0.237878 0.112943
0.662397 0.332942 0.332942 0.662397
0.499837 0.447651 0.447651 0.499837
0.164144 0.256714 0.256714 0.164144
0.956645 0.372193 0.372193 0.956645
0.864502 0.704275 0.704275 0.864502
0.915171 0.676784 0.676784 0.915171
0.239755 0.187697 0.187697 0.239755
0.365874 0.0755826 0.0755826 0.365874
0.455017 0.071104 0.071104 0.455017
0.335327 0.0960638 0.0960638 0.335327
0.990918 0.823493 0.823493 0.990918
0.227595 0.938083 0.938083 0.227595
0.633083 0.116158 0.116158 0.633083
0.364924 0.541543 0.541543 0.364924
0.957208 0.248937 0.248937 0.957208
0.572676 0.889157 0.889157 0.572676
0.381781 0.967727 0.967727 0.381781
0.488133 0.268643 0.268643 0.488133
0.0881847 0.935606 0.935606 0.0881847
0.891735 0.0231685 0.0231685 0.891735
0.326741 0.625703 0.625703 0.326741
0.0814654 0.6593 0.6593 0.0814654
0.181492 0.845904 0.845904 0.181492
0.63853 0.855174 0.855174 0.63853
0.632967 0.66443 0.66443 0.632967
0.118059 0.706309 0.706309 0.118059
0.168569 0.579942 0.579942 0.168569
0.693126 0.802746 0.802746 0.693126
0.719269 0.298768 0.298768 0.719269
0.548769 0.382642 0.382642 0.548769
0.0342632 0.81109 0.81109 0.0342632
0.697922 0.310285 0.310285 0.697922
0.707396 0.908231 0.908231 0.707396
0.943635 0.268608 0.268608 0.943635
0.162419 0.285083 0.285083 0.162419
0.562349 0.670628 0.670628 0.562349
0.707436 0.563917 0.563917 0.707436
0.638229 0.335613 0.335613 0.638229
0.350286 0.84112 0.84112 0.350286
0.515572 0.59467 0.59467 0.515572
0.853734 0.440864 0.440864 0.853734
0.668599 0.521234 0.521234 0.668599
0.289463 0.625783 0.625783 0.289463
0.188508 0.023931 0.023931 0.188508
0.374025 0.855984 0.855984 0.374025
0.602241 0.182084 0.182084 0.602241
0.859776 0.528902 0.528902 0.859776
0.0252637 0.75827 0.75827 0.0252637
0.759306 0.836267 0.836267 0.759306
0.339321 0.336068 0.336068 0.339321
0.753661 0.307059 0.307059 0.753661
0.845105 0.391643 0.391643 0.845105
0.996369 0.614596 0.614596 0.996369
0.757986 0.896196 0.896196 0.757986
0.342702 0.891889 0.891889 0.342702
0.102115 0.0451481 0.0451481 0.102115
0.0226626 0.171356 0.171356 0.0226626
0.265439 0.302112 0.302112 0.265439
0.726183 0.0968374 0.0968374 0.726183
0.506023 0.468263 0.468263 0.506023
0.758046 0.762264 0.762264 0.758046
0.0675974 0.389395 0.389395 0.0675974
0.533317 0.77954 0.77954 0.533317
0.292681 0.199185 0.199185 0.292681
0.29772 0.977054 0.977054 0.29772
0.344851 0.312229 0.312229 0.344851
0.27507 0.408686 0.408686 0.27507
0.973246 0.897782 0.897782 0.973246
0.914107 0.231746 0.231746 0.914107
0.349441 0.822019 0.822019 0.349441
0.336987 0.539116 0.539116 0.336987
0.651802 0.647304 0.647304 0.651802
0.468227 0.593542 0.593542 0.468227
0.518695 0.846615 0.846615 0.518695
0.202104 0.168911 0.168911 0.202104
0.370305 0.130453 0.130453 0.370305
0.276735 0.0555089 0.0555089 0.276735
0.843601 0.583375 0.583375 0.843601
0.274606 0.0851654 0.0851654 0.274606
0.0488232 0.894993 0.894993 0.0488232
0.877976 0.181431 0.181431 0.877976
0.823116 0.844393 0.844393 0.823116
0.129212 0.657607 0.657607 0.129212
0.814209 0.637302 0.637302 0.814209
0.275002 0.331588 0.331588 0.275002
0.99749 0.220432 0.220432 0.99749
0.59312 0.841446 0.841446 0.59312
0.720526 0.299133 0.299133 0.720526
0.968247 0.143623 0.143623 0.968247
0.225506 0.0680888 0.0680888 0.225506
0.190289 0.897287 0.897287 0.190289
0.69326 0.411363 0.411363 0.69326
0.632665 0.186409 0.186409 0.632665
0.443876 0.90438 0.90438 0.443876
0.32361 0.890957 0.890957 0.32361
0.953631 0.56268 0.56268 0.953631
0.7407 0.403806 0.403806 0.7407
0.183923 0.373691 0.373691 0.183923
0.835302 0.839335 0.839335 0.835302
0.871098 0.0310992 0.0310992 0.871098
0.7026 0.181223 0.181223 0.7026
0.0961055 0.222087 0.222087 0.0961055
0.34917 0.69969 0.69969 0.34917
0.481086 0.916512 0.916512 0.481086
0.274497 0.720061 0.720061 0.274497
0.634176 0.091904 0.091904 0.634176
0.588688 0.0595666 0.0595666 0.588688
0.590473 0.0197627 0.0197627 0.590473
0.148778 0.523735 0.523735 0.148778
0.560703 0.234374 0.234374 0.560703
0.805744 0.33539 0.33539 0.805744
0.26966 0.977349 0.977349 0.26966
0.222954 0.298186 0.298186 0.222954
0.76867 0.0275976 0.0275976 0.76867
0.0209053 0.761856 0.761856 0.0209053
0.0591845 0.6214 0.6214 0.0591845
0.19583 0.0910495 0.0910495 0.19583
0.690451 0.684401 0.684401 0.690451
0.693235 0.223969 0.223969 0.693235
0.762174 0.539125 0.539125 0.762174
0.402529 0.527825 0.527825 0.402529
0.450054 0.91482 0.91482 0.450054
0.140386 0.635792 0.635792 0.140386
0.770534 0.317778 0.317778 0.770534
0.354067 0.417767 0.417767 0.354067
0.66949 0.749736 0.749736 0.66949
0.996975 0.886518 0.886518 0.996975
0.570958 0.989573 0.989573 0.570958
0.799944 0.882421 0.882421 0.799944
0.0234741 0.0747528 0.0747528 0.0234741
0.850342 0.476126 0.476126 0.850342
0.26827 0.406593 0.406593 0.26827
0.417626 0.28528 0.28528 0.417626
0.284971 0.391374 0.391374 0.284971
0.034921 0.195225 0.195225 0.034921
0.212679 0.560239 0.560239 0.212679
0.868279 0.0481235 0.0481235 0.868279
0.82148 0.385093 0.385093 0.82148
0.130728 0.866096 0.866096 0.130728
0.976544 0.792472 0.792472 0.976544
0.186872 0.585996 0.585996 0.186872
0.0270754 0.388375 0.388375 0.0270754
0.496314 0.972616 0.972616 0.496314
0.435151 0.149693 0.149693 0.435151
0.10542 0.695975 0.695975 0.10542
0.17479 0.762461 0.762461 0.17479
0.734602 0.359988 0.359988 0.734602
0.723462 0.825053 0.825053 0.723462
0.109448 0.48887 0.48887 0.109448
0.740364 0.295566 0.295566 0.740364
0.896989 0.897736 0.897736 0.896989
0.764298 0.8819 0.8819 0.764298
0.103876 0.97589 0.97589 0.103876
0.94278 0.772804 0.772804 0.94278
0.0196793 0.442477 0.442477 0.0196793
0.818854 0.496452 0.496452 0.818854
0.591965 0.940759 0.940759 0.591965
0.877743 0.540362 0.540362 0.877743
0.430218 0.285349 0.285349 0.430218
0.18239 0.606568 0.606568 0.18239
0.59048 0.90362 0.90362 0.59048
0.527735 0.293955 0.293955 0.527735
0.897542 0.114812 0.114812 0.897542
0.135294 0.662155 0.662155 0.135294
0.395007 0.373217 0.373217 0.395007
0.360028 0.903391 0.903391 0.360028
0.374719 0.209492 0.209492 0.374719
0.825418 0.762285 0.762285 0.825418
0.312546 0.458057 0.458057 0.312546
0.0506203 0.107013 0.107013 0.0506203
0.542192 0.78037 0.78037 0.542192
0.887972 0.366393 0.366393 0.887972
0.287471 0.44768 0.44768 0.287471
0.0281235 0.277375 0.277375 0.0281235
0.100135 0.727039 0.727039 0.100135
0.326595 0.0587442 0.0587442 0.326595
0.650531 0.352572 0.352572 0.650531
0.578131 0.116356 0.116356 0.578131
0.959639 0.824334 0.824334 0.959639
0.724765 0.586339 0.586339 0.724765
0.441407 0.36693 0.36693 0.441407
0.441472 0.961355 0.961355 0.441472
0.639145 0.51693 0.51693 0.639145
0.702532 0.706384 0.706384 0.702532
0.601809 0.528758 0.528758 0.601809
0.585308 0.541972 0.541972 0.585308
0.769566 0.917389 0.917389 0.769566
0.573872 0.886535 0.886535 0.573872
0.0873624 0.647096 0.647096 0.0873624
0.232614 0.829113 0.829113 0.232614
0.501122 0.771424 0.771424 0.501122
0.219796 0.00614224 0.00614224 0.219796
0.595372 0.226267 0.226267 0.595372
0.522342 0.897009 0.897009 0.522342
0.374666 0.262723 0.262723 0.374666
0.272668 0.474859 0.474859 0.272668
0.778188 0.574495 0.574495 0.778188
0.133257 0.94867 0.94867 0.133257
0.528363 0.638278 0.638278 0.528363
0.058623 0.674963 0.674963 0.058623
0.595848 0.652869 0.652869 0.595848
0.80978 0.300744 0.300744 0.80978
0.150315 0.891336 0.891336 0.150315
0.308838 0.558112 0.558112 0.308838
0.620941 0.664261 0.664261 0.620941
0.715903 0.417508 0.417508 0.715903
0.496995 0.738432 0.738432 0.496995
0.0692104 0.474491 0.474491 0.0692104
0.860741 0.730715 0.730715 0.860741
0.187977 0.7663 0.7663 0.187977
0.809666 0.45159 0.45159 0.809666
0.324651 0.313486 0.313486 0.324651
0.307405 0.0705315 0.0705315 0.307405
0.651738 0.879112 0.879112 0.651738
0.38694 0.471133 0.471133 0.38694
0.291642 0.71738 0.71738 0.291642
0.704608 0.782949 0.782949 0.704608
0.329505 0.00788085 0.00788085 0.329505
0.60577 0.622122 0.622122 0.60577
0.736702 0.716226 0.716226 0.736702
0.0280523 0.0449635 0.0449635 0.0280523
0.156562 0.364103 0.364103 0.156562
0.0495502 0.559868 0.559868 0.0495502
0.57658 0.723718 0.723718 0.57658
0.943367 0.940513 0.940513 0.943367
0.712046 0.288251 0.288251 0.712046
0.0977368 0.745386 0.745386 0.0977368
0.769368 0.10599 0.10599 0.769368
0.166036 0.877777 0.877777 0.166036
0.374222 0.25106 0.25106 0.374222
0.574359 0.0468169 0.0468169 0.574359
0.440947 0.694281 0.694281 0.440947
0.710034 0.255465 0.255465 0.710034
0.938988 0.262997 0.262997 0.938988
0.958813 0.877821 0.877821 0.958813
0.832651 0.0241238 0.0241238 0.832651
0.991384 0.890352 0.890352 0.991384
0.989769 0.357839 0.357839 0.989769
0.739089 0.698184 0.698184 0.739089
0.397604 0.583813 0.583813 0.397604
0.92387 0.525234 0.525234 0.92387
0.543829 0.00143251 0.00143251 0.543829
0.171514 0.566236 0.566236 0.171514
0.269064 0.813043 0.813043 0.269064
0.0170112 0.507727 0.507727 0.0170112
0.0453272 0.585956 0.585956 0.0453272
0.899449 0.507909 0.507909 0.899449
0.147944 0.0669852 0.0669852 0.147944
0.890773 0.288044 0.288044 0.890773
0.820928 0.780692 0.780692 0.820928
0.893661 0.636907 0.636907 0.893661
0.55229 0.891399 0.891399 0.55229
0.515279 0.541738 0.541738 0.515279
0.290971 0.000807991 0.000807991 0.290971
0.661559 0.317757 0.317757 0.661559
0.813198 0.434609 0.434609 0.813198
0.443699 0.798577 0.798577 0.443699
0.76301 0.760765 0.760765 0.76301
0.500106 0.241588 0.241588 0.500106
0.98508 0.95339 0.95339 0.98508
0.9415 0.833514 0.833514 0.9415
0.15876 0.166362 0.166362 0.15876
0.00349533 0.289235 0.289235 0.00349533
0.898288 0.0291709 0.0291709 0.898288
0.146574 0.623717 0.623717 0.146574
0.837112 0.68944 0.68944 0.837112
0.814104 0.794316 0.794316 0.814104
0.329046 0.802294 0.802294 0.329046
0.407957 0.13238 0.13238 0.407957
0.396292 0.688825 0.688825 0.396292
0.150971 0.0918183 0.0918183 0.150971
0.634106 0.863998 0.863998 0.634106
0.420638 0.708718 0.708718 0.420638
0.174255 0.649096 0.649096 0.174255
0.606106 0.527408 0.527408 0.606106
0.632012 0.903691 0.903691 0.632012
0.187949 0.0189062 0.0189062 0.187949
0.351172 0.0580435 0.0580435 0.351172
0.344535 0.551821 0.551821 0.344535
0.354035 0.137149 0.137149 0.354035
0.273368 0.188856 0.188856 0.273368
0.280078 0.244934 0.244934 0.280078
0.250052 0.191614 0.191614 0.250052
0.578228 0.733016 0.733016 0.578228
0.350018 0.541523 0.541523 0.350018
0.756742 0.993 0.993 0.756742
0.409291 0.976898 0.976898 0.409291
0.201464 0.230984 0.230984 0.201464
0.74316 0.759943 0.759943 0.74316
0.669805 0.0349173 0.0349173 0.669805
0.119678 0.380906 0.380906 0.119678
0.531749 0.2724 0.2724 0.531749
0.504715 0.747514 0.747514 0.504715
0.278376 0.305729 0.305729 0.278376
0.166662 0.614992 0.614992 0.166662
0.870087 0.651856 0.651856 0.870087
0.253326 0.885523 0.885523 0.253326
0.655315 0.650517 0.650517 0.655315
0.885312 0.978727 0.978727 0.885312
0.186374 0.904028 0.904028 0.186374
0.0185052 0.90029 0.90029 0.0185052
0.0834389 0.83082 0.83082 0.0834389
0.989537 0.913624 0.913624 0.989537
0.922506 0.846108 0.846108 0.922506
0.164368 0.0640039 0.0640039 0.164368
0.720518 0.79653 0.79653 0.720518
0.108544 0.130698 0.130698 0.108544
0.957821 0.0815181 0.0815181 0.957821
0.321628 0.165408 0.165408 0.321628
0.371511 0.0834192 0.0834192 0.371511
0.23399 0.847993 0.847993 0.23399
0.387246 0.0219171 0.0219171 0.387246
0.0632417 0.351943 0.351943 0.0632417
0.102801 0.84322 0.84322 0.102801
0.37034 0.797147 0.797147 0.37034
0.907376 0.659136 0.659136 0.907376
0.720562 0.195869 0.195869 0.720562
0.580631 0.888034 0.888034 0.580631
0.445644 0.118099 0.118099 0.445644
0.774157 0.931591 0.931591 0.774157
0.942131 0.515771 0.515771 0.942131
0.252448 0.866428 0.866428 0.252448
0.690386 0.110308 0.110308 0.690386
0.922397 0.502556 0.502556 0.922397
0.339617 0.611381 0.611381 0.339617
0.911564 0.626827 0.626827 0.911564
0.794661 0.0987028 0.0987028 0.794661
0.936063 0.994655 0.994655 0.936063
0.330599 0.0458154 0.0458154 0.330599
0.80461 0.269052 0.269052 0.80461
0.998407 0.120249 0.120249 0.998407
0.58076 0.277427 0.277427 0.58076
0.374981 0.375013 0.375013 0.374981
0.266585 0.75547 0.75547 0.266585
0.0511827 0.816776 0.816776 0.0511827
0.998526 0.306433 0.306433 0.998526
0.115711 0.752252 0.752252 0.115711
0.993328 0.951333 0.951333 0.993328
0.32763 0.992717 0.992717 0.32763
0.817765 0.0735742 0.0735742 0.817765
0.916197 0.0977372 0.0977372 0.916197
0.894817 0.32873 0.32873 0.894817
0.126502 0.806722 0.806722 0.126502
0.693274 0.281056 0.281056 0.693274
0.464494 0.171023 0.171023 0.464494
0.551784 0.922638 0.922638 0.551784
0.0172232 0.928872 0.928872 0.0172232
0.510282 0.500512 0.500512 0.510282
0.76905 0.016157 0.016157 0.76905
0.985335 0.190572 0.190572 0.985335
0.190984 0.70256 0.70256 0.190984
0.145344 0.575449 0.575449 0.145344
0.77741 0.316612 0.316612 0.77741
0.465822 0.0809452 0.0809452 0.465822
0.880093 0.622455 0.622455 0.880093
0.0447957 0.720686 0.720686 0.0447957
0.323279 0.754349 0.754349 0.323279
0.976534 0.938361 0.938361 0.976534
0.131012 0.617126 0.617126 0.131012
0.683466 0.502049 0.502049 0.683466
0.906922 0.722291 0.722291 0.906922
0.441652 0.892673 0.892673 0.441652
0.0311733 0.863912 0.863912 0.0311733
0.131565 0.662875 0.662875 0.131565
0.496971 0.748079 0.748079 0.496971
0.713397 0.560741 0.560741 0.713397
0.281575 0.202189 0.202189 0.281575
0.590053 0.221394 0.221394 0.590053
0.216509 0.968849 0.968849 0.216509
0.990929 0.336671 0.336671 0.990929
0.209639 0.654735 0.654735 0.209639
0.825562 0.840817 0.840817 0.825562
0.558321 0.224736 0.224736 0.558321
0.562496 0.974669 0.974669 0.562496
0.690941 0.56941 0.56941 0.690941
0.498902 0.670192 0.670192 0.498902
0.486821 0.191565 0.191565 0.486821
0.697091 0.237673 0.237673 0.697091
0.823965 0.271968 0.271968 0.823965
0.41855 0.56955 0.56955 0.41855
0.998852 0.410786 0.410786 0.998852
0.37919 0.0755784 0.0755784 0.37919
0.7164 0.415729 0.415729 0.7164
0.846895 0.769166 0.769166 0.846895
0.746601 0.862451 0.862451 0.746601
0.259235 0.368761 0.368761 0.259235
0.0576407 0.685506 0.685506 0.0576407
0.593603 0.213248 0.213248 0.593603
0.0756576 0.138821 0.138821 0.0756576
0.366861 0.22902 0.22902 0.366861
0.567893 0.057241 0.057241 0.567893
0.383524 0.831764 0.831764 0.383524
0.530235 0.0418276 0.0418276 0.530235
0.405889 0.0520671 0.0520671 0.405889
0.773939 0.991141 0.991141 0.773939
0.211332 0.413159 0.413159 0.211332
0.859292 0.338875 0.338875 0.859292
0.348584 0.909735 0.909735 0.348584
0.288657 0.415802 0.415802 0.288657
0.161297 0.768054 0.768054 0.161297
0.882796 0.296533 0.296533 0.882796
0.544999 0.820644 0.820644 0.544999
0.964503 0.538945 0.538945 0.964503
0.576002 0.41256 0.41256 0.576002
0.632984 0.0962184 0.0962184 0.632984
0.455782 0.306548 0.306548 0.455782
0.530619 0.572996 0.572996 0.530619
0.735716 0.725421 0.725421 0.735716
0.861365 0.842239 0.842239 0.861365
0.101449 0.879694 0.879694 0.101449
0.0179519 0.675049 0.675049 0.0179519
0.447734 0.489564 0.489564 0.447734
0.319066 0.316731 0.316731 0.319066
0.442639 0.469221 0.469221 0.442639
0.211542 0.90209 0.90209 0.211542
0.236526 0.663931 0.663931 0.236526
0.0654691 0.237808 0.237808 0.0654691
0.406682 0.289815 0.289815 0.406682
0.0803186 0.738536 0.738536 0.0803186
0.914636 0.746571 0.746571 0.914636
0.422644 0.999257 0.999257 0.422644
0.656934 0.984022 0.984022 0.656934
0.704804 0.282286 0.282286 0.704804
0.231792 0.212714 0.212714 0.231792
0.685141 0.951369 0.951369 0.685141
0.980404 0.951574 0.951574 0.980404
0.442116 0.737309 0.737309 0.442116
0.668078 0.540638 0.540638 0.668078
0.910096 0.215735 0.215735 0.910096
0.562696 0.990212 0.990212 0.562696
0.184973 0.49308 0.49308 0.184973
0.8291 0.89779 0.89779 0.8291
0.469356 0.168884 0.168884 0.469356
0.277286 0.884257 0.884257 0.277286
0.592318 0.314839 0.314839 0.592318
0.475261 0.447477 0.447477 0.475261
0.715312 0.704406 0.704406 0.715312
0.704874 0.452165 0.452165 0.704874
0.792057 0.283496 0.283496 0.792057
0.970109 0.0258307 0.0258307 0.970109
0.32602 0.167539 0.167539 0.32602
0.796561 0.311333 0.311333 0.796561
0.838795 0.594284 0.594284 0.838795
0.138568 0.513315 0.513315 0.138568
0.88793 0.708985 0.708985 0.88793
0.551711 0.564442 0.564442 0.551711
0.0220753 0.765252 0.765252 0.0220753
0.388259 0.727989 0.727989 0.388259
0.976187 0.89402 0.89402 0.976187
0.732902 0.399043 0.399043 0.732902
0.111813 0.8714 0.8714 0.111813
0.172377 0.138747 0.138747 0.172377
0.469658 0.420678 0.420678 0.469658
0.928781 0.230996 0.230996 0.928781
0.227653 0.112082 0.112082 0.227653
0.96473 0.458631 0.458631 0.96473
0.0662604 0.848115 0.848115 0.0662604
0.621011 0.0436937 0.0436937 0.621011
0.361205 0.658231 0.658231 0.361205
0.869271 0.514283 0.514283 0.869271
0.787881 0.611766 0.611766 0.787881
0.406414 0.408636 0.408636 0.406414
0.675097 0.150255 0.150255 0.675097
0.917535 0.10295 0.10295 0.917535
0.198157 0.921622 0.921622 0.198157
0.0114434 0.610867 0.610867 0.0114434
0.464005 0.246726 0.246726 0.464005
0.525381 0.461077 0.461077 0.525381
0.465462 0.917883 0.917883 0.465462
0.406018 0.207915 0.207915 0.406018
0.702218 0.695039 0.695039 0.702218
0.457109 0.202581 0.202581 0.457109
0.655636 0.183419 0.183419 0.655636
0.683617 0.499006 0.499006 0.683617
0.570015 0.345991 0.345991 0.570015
0.374504 0.711924 0.711924 0.374504
0.773862 0.466182 0.466182 0.773862
0.371197 0.507167 0.507167 0.371197
0.380548 0.820452 0.820452 0.380548
0.0272327 0.674061 0.674061 0.0272327
0.0969118 0.453777 0.453777 0.0969118
0.436149 0.442715 0.442715 0.436149
0.0676904 0.902541 0.902541 0.0676904
0.746975 0.262886 0.262886 0.746975
0.820841 0.70918 0.70918 0.820841
0.727692 0.553882 0.553882 0.727692
0.50288 0.42523 0.42523 0.50288
0.487811 0.970162 0.970162 0.487811
0.0457655 0.321401 0.321401 0.0457655
0.230612 0.514898 0.514898 0.230612
0.0421659 0.326787 0.326787 0.0421659
0.191836 0.86703 0.86703 0.191836
0.0488908 0.15959 0.15959 0.0488908
0.470769 0.378326 0.378326 0.470769
0.772398 0.718287 0.718287 0.772398
0.964216 0.105417 0.105417 0.964216
0.841963 0.651819 0.651819 0.841963
0.150508 0.738925 0.738925 0.150508
0.263312 0.112988 0.112988 0.263312
0.888469 0.297891 0.297891 0.888469
0.418282 0.447536 0.447536 0.418282
0.0826932 0.0615449 0.0615449 0.0826932
0.231967 0.0971687 0.0971687 0.231967
0.875301 0.691589 0.691589 0.875301
0.582323 0.142734 0.142734 0.582323
0.989499 0.443844 0.443844 0.989499
0.805163 0.729216 0.729216 0.805163
0.268102 0.667507 0.667507 0.268102
0.952427 0.0736472 0.0736472 0.952427
0.17448 0.468368 0.468368 0.17448
0.593743 0.19834 0.19834 0.593743
0.388949 0.0754561 0.0754561 0.388949
0.321037 0.672464 0.672464 0.321037
0.255259 0.560703 0.560703 0.255259
0.102492 0.938861 0.938861 0.102492
0.953184 0.227159 0.227159 0.953184
0.251439 0.951807 0.951807 0.251439
0.448612 0.998148 0.998148 0.448612
0.162344 0.776611 0.776611 0.162344
0.721502 0.0233199 0.0233199 0.721502
0.602413 0.919046 0.919046 0.602413
0.938594 0.98129 0.98129 0.938594
0.686828 0.249204 0.249204 0.686828
0.172542 0.868134 0.868134 0.172542
0.567344 0.281641 0.281641 0.567344
0.590347 0.315149 0.315149 0.590347
0.102812 0.213911 0.213911 0.102812
0.894669 0.537983 0.537983 0.894669
0.999004 0.0774121 0.0774121 0.999004
0.559298 0.0406714 0.0406714 0.559298
0.556471 0.653786 0.653786 0.556471
0.277102 0.79312 0.79312 0.277102
0.456949 0.270182 0.270182 0.456949
0.229343 0.254201 0.254201 0.229343
0.843835 0.746592 0.746592 0.843835
0.604686 0.807887 0.807887 0.604686
0.828954 0.822229 0.822229 0.828954
0.8963 0.624625 0.624625 0.8963
0.55665 0.505524 0.505524 0.55665
0.471449 0.50957 0.50957 0.471449
0.274399 0.978307 0.978307 0.274399
0.00868823 0.900524 0.900524 0.00868823
0.439004 0.961693 0.961693 0.439004
0.407139 0.546514 0.546514 0.407139
0.252762 0.35353 0.35353 0.252762
0.980013 0.403447 0.403447 0.980013
0.703388 0.395225 0.395225 0.703388
0.361809 0.392738 0.392738 0.361809
0.908835 0.701603 0.701603 0.908835
0.877596 0.543003 0.543003 0.877596
0.421911 0.718636 0.718636 0.421911
0.618793 0.311333 0.311333 0.618793
0.578503 0.411341 0.411341 0.578503
0.896505 0.198231 0.198231 0.896505
0.190667 0.442777 0.442777 0.190667
0.0400848 0.00700541 0.00700541 0.0400848
0.564061 0.374105 0.374105 0.564061
0.466405 0.048514 0.048514 0.466405
0.383684 0.265476 0.265476 0.383684
0.58877 0.000632832 0.000632832 0.58877
0.459473 0.153334 0.153334 0.459473
0.877342 0.11363 0.11363 0.877342
0.841505 0.291391 0.291391 0.841505
0.39449 0.973642 0.973642 0.39449
0.811966 0.400261 0.400261 0.811966
0.0557798 0.405026 0.405026 0.0557798
0.627953 0.908007 0.908007 0.627953
0.914278 0.849338 0.849338 0.914278
0.131735 0.328608 0.328608 0.131735
0.581177 0.1575 0.1575 0.581177
0.891314 0.319676 0.319676 0.891314
0.89687 0.333613 0.333613 0.89687
0.791046 0.0354461 0.0354461 0.791046
0.571252 0.785843 0.785843 0.571252
0.200457 0.739444 0.739444 0.200457
0.100389 0.809941 0.809941 0.100389
0.832962 0.731943 0.731943 0.832962
0.771966 0.026735 0.026735 0.771966
0.162201 0.482771 0.482771 0.162201
0.983614 0.668426 0.668426 0.983614
0.169344 0.688954 0.688954 0.169344
0.616285 0.729652 0.729652 0.616285
0.972639 0.449495 0.449495 0.972639
0.421526 0.402245 0.402245 0.421526
0.434484 0.0363831 0.0363831 0.434484
0.300039 0.81466 0.81466 0.300039
0.172962 0.953039 0.953039 0.172962
0.986339 0.467709 0.467709 0.986339
0.564962 0.307288 0.307288 0.564962
0.670417 0.257607 0.257607 0.670417
0.469057 0.301946 0.301946 0.469057
0.697246 0.0639613 0.0639613 0.697246
0.277542 0.798054 0.798054 0.277542
0.460464 0.569975 0.569975 0.460464
0.908899 0.784484 0.784484 0.908899
0.728919 0.528511 0.528511 0.728919
0.710338 0.612366 0.612366 0.710338
0.806991 0.413012 0.413012 0.806991
0.434661 0.895784 0.895784 0.434661
0.880989 0.792182 0.792182 0.880989
0.391074 0.595096 0.595096 0.391074
0.580098 0.156583 0.156583 0.580098
0.184377 0.479424 0.479424 0.184377
0.345581 0.644148 0.644148 0.345581
0.226204 0.233192 0.233192 0.226204
0.57311 0.715002 0.715002 0.57311
0.908311 0.115305 0.115305 0.908311
0.934437 0.516469 0.516469 0.934437
0.602612 0.540162 0.540162 0.602612
0.995037 0.274647 0.274647 0.995037
0.729028 0.989524 0.989524 0.729028
0.852084 0.167989 0.167989 0.852084
0.466543 0.182377 0.182377 0.466543
0.90836 0.786013 0.786013 0.90836
0.589914 0.519523 0.519523 0.589914
0.308991 0.277729 0.277729 0.308991
0.286717 0.707521 0.707521 0.286717
0.714164 0.715542 0.715542 0.714164
0.585995 0.668966 0.668966 0.585995
0.498804 0.658919 0.658919 0.498804
0.720491 0.817499 0.817499 0.720491
0.62852 0.0269333 0.0269333 0.62852
0.297832 0.558283 0.558283 0.297832
0.0694582 0.276826 0.276826 0.0694582
0.694311 0.107454 0.107454 0.694311
0.620607 0.166258 0.166258 0.620607
0.236774 0.46001 0.46001 0.236774
0.613859 0.896344 0.896344 0.613859
0.0267488 0.763094 0.763094 0.0267488
0.458715 0.00191668 0.00191668 0.458715
0.718273 0.499553 0.499553 0.718273
0.302008 0.0812717 0.0812717 0.302008
0.890259 0.200001 0.200001 0.890259
0.43182 0.891677 0.891677 0.43182
0.0962598 0.791212 0.791212 0.0962598
0.762393 0.342815 0.342815 0.762393
0.614197 0.183013 0.183013 0.614197
0.442692 0.954653 0.954653 0.442692
0.169253 0.50176 0.50176 0.169253
0.111469 0.139624 0.139624 0.111469
0.157921 0.0245181 0.0245181 0.157921
0.510453 0.122451 0.122451 0.510453
0.856996 0.398152 0.398152 0.856996
0.47531 0.462749 0.462749 0.47531
0.465299 0.618709 0.618709 0.465299
0.947343 0.580372 0.580372 0.947343
0.252294 0.859773 0.859773 0.252294
0.659781 0.135938 0.135938 0.659781
0.540618 0.844453 0.844453 0.540618
0.0309094 0.114055 0.114055 0.0309094
0.77814 0.377105 0.377105 0.77814
0.296585 0.879967 0.879967 0.296585
0.994293 0.0539215 0.0539215 0.994293
0.682292 0.862547 0.862547 0.682292
0.342985 0.761255 0.761255 0.342985
0.88086 0.210784 0.210784 0.88086
0.0691786 0.806549 0.806549 0.0691786
0.598548 0.720901 0.720901 0.598548
0.337957 0.620969 0.620969 0.337957
0.234415 0.73996 0.73996 0.234415
0.721872 0.543528 0.543528 0.721872
0.805757 0.148275 0.148275 0.805757
0.656765 0.198201 0.198201 0.656765
0.0391179 0.710691 0.710691 0.0391179
0.775673 0.156409 0.156409 0.775673
0.633881 0.792943 0.792943 0.633881
0.922999 0.51997 0.51997 0.922999
0.845211 0.770853 0.770853 0.845211
0.0211616 0.423526 0.423526 0.0211616
0.00909546 0.195474 0.195474 0.00909546
0.693724 0.930361 0.930361 0.693724
0.50047 0.24318 0.24318 0.50047
0.739047 0.321056 0.321056 0.739047
0.863389 0.613554 0.613554 0.863389
0.5101 0.180866 0.180866 0.5101
0.754742 0.620384 0.620384 0.754742
0.465825 0.199066 0.199066 0.465825
0.545064 0.162066 0.162066 0.545064
0.489112 0.0603998 0.0603998 0.489112
0.227777 0.205082 0.205082 0.227777
0.569957 0.597011 0.597011 0.569957
0.0898798 0.264289 0.264289 0.0898798
0.696067 0.697852 0.697852 0.696067
0.750485 0.485066 0.485066 0.750485
0.219224 0.231494 0.231494 0.219224
0.835078 0.0450885 0.0450885 0.835078
0.0241812 0.232981 0.232981 0.0241812
0.195916 0.716178 0.716178 0.195916
0.157864 0.548686 0.548686 0.157864
0.387365 0.516534 0.516534 0.387365
0.0830479 0.971663 0.971663 0.0830479
0.969959 0.257354 0.257354 0.969959
0.0733755 0.00507205 0.00507205 0.0733755
0.00374571 0.447929 0.447929 0.00374571
0.111772 0.53719 0.53719 0.111772
0.879593 0.842856 0.842856 0.879593
0.267961 0.663834 0.663834 0.267961
0.721958 0.00896542 0.00896542 0.721958
0.53121 0.561685 0.561685 0.53121
0.0154974 0.886014 0.886014 0.0154974
0.121374 0.75598 0.75598 0.121374
0.128336 0.1438 0.1438 0.128336
0.910451 0.948957 0.948957 0.910451
0.274484 0.224462 0.224462 0.274484
0.8131 0.903441 0.903441 0.8131
0.127948 0.266878 0.266878 0.127948
0.791542 0.737933 0.737933 0.791542
0.945019 0.134654 0.134654 0.945019
0.00275771 0.45975 0.45975 0.00275771
0.209569 0.393639 0.393639 0.209569
0.252084 0.0561528 0.0561528 0.252084
0.512511 0.947783 0.947783 0.512511
0.762358 0.751885 0.751885 0.762358
0.222183 0.524324 0.524324 0.222183
0.0437604 0.0447517 0.0447517 0.0437604
0.951226 0.269365 0.269365 0.951226
0.023139 0.590138 0.590138 0.023139
0.696402 0.308093 0.308093 0.696402
0.486128 0.317101 0.317101 0.486128
0.231303 0.120217 0.120217 0.231303
0.243836 0.314685 0.314685 0.243836
0.350268 0.345048 0.345048 0.350268
0.284883 0.996161 0.996161 0.284883
0.547871 0.224925 0.224925 0.547871
0.38024 0.0731579 0.0731579 0.38024
0.0875511 0.495777 0.495777 0.0875511
0.348769 0.653495 0.653495 0.348769
0.126668 0.463473 0.463473 0.126668
0.694925 0.556184 0.556184 0.694925
0.054311 0.515923 0.515923 0.054311
0.8633 0.826512 0.826512 0.8633
0.381457 0.749543 0.749543 0.381457
0.928354 0.501346 0.501346 0.928354
0.899473 0.100521 0.100521 0.899473
0.985216 0.964756 0.964756 0.985216
0.0270632 0.0491511 0.0491511 0.0270632
0.336247 0.849362 0.849362 0.336247
0.154933 0.681616 0.681616 0.154933
0.765496 0.00262169 0.00262169 0.765496
0.534909 0.423335 0.423335 0.534909
0.853231 0.226016 0.226016 0.853231
0.130634 0.029063 0.029063 0.130634
0.503442 0.395285 0.395285 0.503442
0.127089 0.738288 0.738288 0.127089
0.588589 0.404523 0.404523 0.588589
0.202676 0.530177 0.530177 0.202676
0.899109 0.500143 0.500143 0.899109
0.300613 0.135418 0.135418 0.300613
0.317968 0.791087 0.791087 0.317968
0.343598 0.498616 0.498616 0.343598
0.71918 0.0609932 0.0609932 0.71918
0.415917 0.857174 0.857174 0.415917
0.606809 0.864656 0.864656 0.606809
0.390172 0.828923 0.828923 0.390172
0.0964165 0.496192 0.496192 0.0964165
0.471428 0.190422 0.190422 0.471428
0.538405 0.195617 0.195617 0.538405
0.406327 0.430091 0.430091 0.406327
0.0319987 0.487227 0.487227 0.0319987
0.580702 0.637743 0.637743 0.580702
0.142644 0.469378 0.469378 0.142644
0.660048 0.387237 0.387237 0.660048
0.527666 0.406609 0.406609 0.527666
0.926584 0.963053 0.963053 0.926584
0.373017 0.819553 0.819553 0.373017
0.73782 0.0915167 0.0915167 0.73782
0.00333875 0.549501 0.549501 0.00333875
0.212531 0.0681967 0.0681967 0.212531
0.389633 0.223157 0.223157 0.389633
0.353834 0.301285 0.301285 0.353834
0.539898 0.386977 0.386977 0.539898
0.562471 0.0925805 0.0925805 0.562471
0.162715 0.707919 0.707919 0.162715
0.300085 0.168111 0.168111 0.300085
0.7309 0.813587 0.813587 0.7309
0.470849 0.427843 0.427843 0.470849
0.407348 0.930683 0.930683 0.407348
0.821724 0.0385571 0.0385571 0.821724
0.220022 0.302017 0.302017 0.220022
0.0142741 0.327335 0.327335 0.0142741
0.47291 0.659741 0.659741 0.47291
0.443934 0.298006 0.298006 0.443934
0.98453 0.807169 0.807169 0.98453
0.688392 0.043096 0.043096 0.688392
0.854086 0.867434 0.867434 0.854086
0.87368 0.206587 0.206587 0.87368
0.754069 0.839184 0.839184 0.754069
0.121577 0.572357 0.572357 0.121577
0.721309 0.574692 0.574692 0.721309
0.329541 0.896453 0.896453 0.329541
0.953446 0.805531 0.805531 0.953446
0.577501 0.566669 0.566669 0.577501
0.5493 0.832967 0.832967 0.5493
0.807648 0.0736107 0.0736107 0.807648
0.191907 0.373122 0.373122 0.191907
0.500596 0.554055 0.554055 0.500596
0.163892 0.32706 0.32706 0.163892
0.968696 0.405102 0.405102 0.968696
0.517307 0.391383 0.391383 0.517307
0.265752 0.526325 0.526325 0.265752
0.0368729 0.978622 0.978622 0.0368729
0.677879 0.808346 0.808346 0.677879
0.99666 0.900729 0.900729 0.99666
0.913573 0.726021 0.726021 0.913573
0.232756 0.338605 0.338605 0.232756
0.139357 0.87778 0.87778 0.139357
0.937694 0.389888 0.389888 0.937694
0.842971 0.755504 0.755504 0.842971
0.580613 0.0501819 0.0501819 0.580613
0.854801 0.804198 0.804198 0.854801
0.97485 0.497135 0.497135 0.97485
0.257839 0.48181 0.48181 0.257839
0.847964 0.909715 0.909715 0.847964
0.112498 0.0156284 0.0156284 0.112498
0.654351 0.24522 0.24522 0.654351
0.984379 0.492396 0.492396 0.984379
0.112674 0.197195 0.197195 0.112674
0.453577 0.320349 0.320349 0.453577
0.915933 0.516079 0.516079 0.915933
0.956293 0.218083 0.218083 0.956293
0.00449143 0.534146 0.534146 0.00449143
0.0271383 0.222788 0.222788 0.0271383
0.918586 0.825974 0.825974 0.918586
0.306347 0.617084 0.617084 0.306347
0.621371 0.146102 0.146102 0.621371
0.963009 0.733531 0.733531 0.963009
0.652995 0.546019 0.546019 0.652995
0.180844 0.214403 0.214403 0.180844
0.983821 0.429845 0.429845 0.983821
0.360139 0.419117 0.419117 0.360139
0.0432991 0.659515 0.659515 0.0432991
0.461342 0.547715 0.547715 0.461342
0.203691 0.329876 0.329876 0.203691
0.682901 0.898828 0.898828 0.682901
0.237009 0.432254 0.432254 0.237009
0.77608 0.577171 0.577171 0.77608
0.408666 0.452178 0.452178 0.408666
0.994863 0.332666 0.332666 0.994863
0.809186 0.269167 0.269167 0.809186
0.0975931 0.946258 0.946258 0.0975931
0.97031 0.899232 0.899232 0.97031
0.770569 0.278641 0.278641 0.770569
0.389546 0.0237657 0.0237657 0.389546
0.2184 0.548214 0.548214 0.2184
0.330136 0.0574737 0.0574737 0.330136
0.546928 0.100206 0.100206 0.546928
0.279521 0.570554 0.570554 0.279521
0.649925 0.325645 0.325645 0.649925
0.643386 0.632779 0.632779 0.643386
0.14971 0.505583 0.505583 0.14971
0.199565 0.0207643 0.0207643 0.199565
0.69806 0.30304 0.30304 0.69806
0.40729 0.105939 0.105939 0.40729
0.298473 0.645985 0.645985 0.298473
0.664199 0.831095 0.831095 0.664199
0.305563 0.73476 0.73476 0.305563
0.00309515 0.397163 0.397163 0.00309515
0.817117 0.635298 0.635298 0.817117
0.81711 0.720346 0.720346 0.81711
0.950616 0.385672 0.385672 0.950616
0.299557 0.188635 0.188635 0.299557
0.981705 0.562927 0.562927 0.981705
0.336609 0.294928 0.294928 0.336609
0.749824 0.125295 0.125295 0.749824
0.497211 0.417744 0.417744 0.497211
0.330728 0.871865 0.871865 0.330728
0.596499 0.504154 0.504154 0.596499
0.263634 0.436495 0.436495 0.263634
0.071608 0.784911 0.784911 0.071608
0.329657 0.662526 0.662526 0.329657
0.562114 0.340618 0.340618 0.562114
0.0638784 0.208941 0.208941 0.0638784
0.367822 0.820094 0.820094 0.367822
0.0446957 0.246886 0.246886 0.0446957
0.267338 0.0661052 0.0661052 0.267338
0.542598 0.471683 0.471683 0.542598
0.0282986 0.698054 0.698054 0.0282986
0.369133 0.746895 0.746895 0.369133
0.59009 0.46113 0.46113 0.59009
0.352108 0.944957 0.944957 0.352108
0.544016 0.295651 0.295651 0.544016
0.699887 0.146182 0.146182 0.699887
0.907576 0.621845 0.621845 0.907576
0.198797 0.178055 0.178055 0.198797
0.36768 0.530071 0.530071 0.36768
0.265864 0.577586 0.577586 0.265864
0.967823 0.381788 0.381788 0.967823
0.248107 0.222568 0.222568 0.248107
0.538538 0.0283946 0.0283946 0.538538
0.89301 0.793442 0.793442 0.89301
0.954912 0.153403 0.153403 0.954912
0.60969 0.0565129 0.0565129 0.60969
0.581042 0.327693 0.327693 0.581042
0.0773497 0.178744 0.178744 0.0773497
0.765197 0.15636 0.15636 0.765197
0.789937 0.600447 0.600447 0.789937
0.542921 0.762158 0.762158 0.542921
0.275881 0.88794 0.88794 0.275881
0.265956 0.530015 0.530015 0.265956
0.30852 0.902495 0.902495 0.30852
0.97667 0.922635 0.922635 0.97667
0.626456 0.980469 0.980469 0.626456
0.428882 0.731026 0.731026 0.428882
0.353129 0.244504 0.244504 0.353129
0.921645 0.401288 0.401288 0.921645
0.994877 0.0998503 0.0998503 0.994877
0.220503 0.619795 0.619795 0.220503
0.659039 0.599117 0.599117 0.659039
0.622424 0.311508 0.311508 0.622424
0.872337 0.935573 0.935573 0.872337
0.736054 0.392283 0.392283 0.736054
0.10337 0.411471 0.411471 0.10337
0.656678 0.0573687 0.0573687 0.656678
0.858065 0.427497 0.427497 0.858065
0.809392 0.231129 0.231129 0.809392
0.82238 0.822185 0.822185 0.82238
0.762977 0.274066 0.274066 0.762977
0.56977 0.0331165 0.0331165 0.56977
0.950793 0.364974 0.364974 0.950793
0.523626 0.301767 0.301767 0.523626
0.729424 0.185553 0.185553 0.729424
0.111078 0.584552 0.584552 0.111078
0.317546 0.637737 0.637737 0.317546
0.664348 0.465437 0.465437 0.664348
0.303562 0.508978 0.508978 0.303562
0.822996 0.470553 0.470553 0.822996
0.507353 0.526555 0.526555 0.507353
0.952526 0.102971 0.102971 0.952526
0.511392 0.780669 0.780669 0.511392
0.239176 0.764301 0.764301 0.239176
0.798976 0.356751 0.356751 0.798976
0.0698089 0.0427655 0.0427655 0.0698089
0.401913 0.365474 0.365474 0.401913
0.033204 0.0596559 0.0596559 0.033204
0.303661 0.889308 0.889308 0.303661
0.477961 0.438871 0.438871 0.477961
0.250035 0.726636 0.726636 0.250035
0.835077 0.698961 0.698961 0.835077
0.358375 0.642182 0.642182 0.358375
0.456686 0.843867 0.843867 0.456686
0.727128 0.719024 0.719024 0.727128
0.811437 0.424976 0.424976 0.811437
0.142365 0.89309 0.89309 0.142365
0.124459 0.954468 0.954468 0.124459
0.795081 0.89898 0.89898 0.795081
0.847861 0.392338 0.392338 0.847861
0.467151 0.216406 0.216406 0.467151
0.414623 0.450968 0.450968 0.414623
0.554719 0.821806 0.821806 0.554719
0.882839 0.607095 0.607095 0.882839
0.329996 0.896706 0.896706 0.329996
0.370494 0.753939 0.753939 0.370494
0.594903 0.914441 0.914441 0.594903
0.350432 0.757335 0.757335 0.350432
0.754902 0.8513 0.8513 0.754902
0.602607 0.00606278 0.00606278 0.602607
0.302581 0.754257 0.754257 0.302581
0.516379 0.21037 0.21037 0.516379
0.725832 0.247157 0.247157 0.725832
0.233449 0.73087 0.73087 0.233449
0.236675 0.283507 0.283507 0.236675
0.105347 0.569574 0.569574 0.105347
0.671043 0.445741 0.445741 0.671043
0.907493 0.823452 0.823452 0.907493
0.725874 0.0468643 0.0468643 0.725874
0.488562 0.563359 0.563359 0.488562
0.594978 0.785213 0.785213 0.594978
0.91663 0.980763 0.980763 0.91663
0.742795 0.293199 0.293199 0.742795
0.361742 0.293901 0.293901 0.361742
0.40482 0.647222 0.647222 0.40482
0.32768 0.88374 0.88374 0.32768
0.618982 0.976861 0.976861 0.618982
0.383273 0.591583 0.591583 0.383273
0.139541 0.0604787 0.0604787 0.139541
0.49451 0.311673 0.311673 0.49451
0.213366 0.942489 0.942489 0.213366
0.658343 0.829817 0.829817 0.658343
0.310124 0.777093 0.777093 0.310124
0.399829 0.883778 0.883778 0.399829
0.744199 0.999694 0.999694 0.744199
0.588918 0.951759 0.951759 0.588918
0.145397 0.660012 0.660012 0.145397
0.0739899 0.541202 0.541202 0.0739899
0.491607 0.82588 0.82588 0.491607
0.365584 0.560409 0.560409 0.365584
0.0738959 0.700352 0.700352 0.0738959
0.0594493 0.743099 0.743099 0.0594493
0.172247 0.166926 0.166926 0.172247
0.607592 0.713977 0.713977 0.607592
0.541382 0.170611 0.170611 0.541382
0.361311 0.00493972 0.00493972 0.361311
0.305102 0.21589 0.21589 0.305102
0.13667 0.587192 0.587192 0.13667
0.00343211 0.850655 0.850655 0.00343211
0.0150283 0.348994 0.348994 0.0150283
0.151477 0.650856 0.650856 0.151477
0.389857 0.214287 0.214287 0.389857
0.245557 0.696254 0.696254 0.245557
0.893722 0.225636 0.225636 0.893722
0.279869 0.808464 0.808464 0.279869
0.0118896 0.754913 0.754913 0.0118896
0.907302 0.356902 0.356902 0.907302
0.883801 0.332835 0.332835 0.883801
0.408039 0.664412 0.664412 0.408039
0.339454 0.886313 0.886313 0.339454
0.651038 0.751388 0.751388 0.651038
0.245327 0.825959 0.825959 0.245327
0.336928 0.0991 0.0991 0.336928
0.198628 0.534376 0.534376 0.198628
0.751476 0.771044 0.771044 0.751476
0.546959 0.0364473 0.0364473 0.546959
0.519495 0.24675 0.24675 0.519495
0.579328 0.893389 0.893389 0.579328
0.0509891 0.713588 0.713588 0.0509891
0.574994 0.548146 0.548146 0.574994
0.142521 0.866369 0.866369 0.142521
0.811274 0.468458 0.468458 0.811274
0.798672 0.333997 0.333997 0.798672
0.643848 0.236954 0.236954 0.643848
0.152401 0.474479 0.474479 0.152401
0.325165 0.872436 0.872436 0.325165
0.657683 0.751173 0.751173 0.657683
0.0759939 0.339496 0.339496 0.0759939
0.830071 0.935161 0.935161 0.830071
0.239243 0.907621 0.907621 0.239243
0.115716 0.76505 0.76505 0.115716
0.0349392 0.771222 0.771222 0.0349392
0.0492834 0.952527 0.952527 0.0492834
0.149362 0.303647 0.303647 0.149362
0.977386 0.221167 0.221167 0.977386
0.106382 0.657326 0.657326 0.106382
0.70329 0.0626619 0.0626619 0.70329
0.132031 0.274123 0.274123 0.132031
0.602689 0.00847134 0.00847134 0.602689
0.860319 0.55356 0.55356 0.860319
0.531069 0.37661 0.37661 0.531069
0.983301 0.883308 0.883308 0.983301
0.0473307 0.817966 0.817966 0.0473307
0.896237 0.262841 0.262841 0.896237
0.136716 0.260024 0.260024 0.136716
0.0452894 0.612954 0.612954 0.0452894
0.170334 0.518633 0.518633 0.170334
0.471099 0.0487485 0.0487485 0.471099
0.970699 0.479516 0.479516 0.970699
0.690026 0.564801 0.564801 0.690026
0.234499 0.7043 0.7043 0.234499
0.221935 0.843798 0.843798 0.221935
0.832837 0.646419 0.646419 0.832837
0.61498 0.122863 0.122863 0.61498
0.790649 0.68373 0.68373 0.790649
0.467716 0.630564 0.630564 0.467716
0.896205 0.541908 0.541908 0.896205
0.388855 0.172044 0.172044 0.388855
0.0370795 0.407646 0.407646 0.0370795
0.936291 0.900422 0.900422 0.936291
0.149074 0.502094 0.502094 0.149074
0.579411 0.355915 0.355915 0.579411
0.0407047 0.684343 0.684343 0.0407047
0.409594 0.431803 0.431803 0.409594
0.714455 0.00289529 0.00289529 0.714455
0.904643 0.0150958 0.0150958 0.904643
0.228362 0.796089 0.796089 0.228362
0.26818 0.52139 0.52139 0.26818
0.174122 0.0953786 0.0953786 0.174122
0.157906 0.560731 0.560731 0.157906
0.461873 0.714818 0.714818 0.461873
0.571303 0.346881 0.346881 0.571303
0.926922 0.14737 0.14737 0.926922
0.838319 0.51381 0.51381 0.838319
0.516936 0.700378 0.700378 0.516936
0.851512 0.952682 0.952682 0.851512
0.946277 0.310852 0.310852 0.946277
0.755251 0.767044 0.767044 0.755251
0.746295 0.337724 0.337724 0.746295
0.853055 0.0967523 0.0967523 0.853055
0.000608909 0.705607 0.705607 0.000608909
0.002806 0.849145 0.849145 0.002806
0.438801 0.993976 0.993976 0.438801
0.275276 0.252312 0.252312 0.275276
0.626209 0.31765 0.31765 0.626209
0.380308 0.107682 0.107682 0.380308
0.230109 0.662005 0.662005 0.230109
0.821319 0.247489 0.247489 0.821319
0.92505 0.642343 0.642343 0.92505
0.295241 0.992461 0.992461 0.295241
0.883292 0.37036 0.37036 0.883292
0.663653 0.659633 0.659633 0.663653
0.504882 0.15508 0.15508 0.504882
0.566019 0.232331 0.232331 0.566019
0.478422 0.108735 0.108735 0.478422
0.247116 0.236671 0.236671 0.247116
0.492588 0.780771 0.780771 0.492588
0.329469 0.913227 0.913227 0.329469
0.72388 0.79112 0.79112 0.72388
0.578514 0.918951 0.918951 0.578514
0.409836 0.523172 0.523172 0.409836
0.297855 0.823191 0.823191 0.297855
0.688232 0.575162 0.575162 0.688232
0.165423 0.985073 0.985073 0.165423
0.0995943 0.825382 0.825382 0.0995943
0.138008 0.0452321 0.0452321 0.138008
0.22887 0.407055 0.407055 0.22887
0.816408 0.570224 0.570224 0.816408
0.932769 0.926857 0.926857 0.932769
0.522195 0.561342 0.561342 0.522195
0.557028 0.502966 0.502966 0.557028
0.985543 0.715663 0.715663 0.985543
0.646366 0.683852 0.683852 0.646366
0.283062 0.298732 0.298732 0.283062
0.18078 0.400854 0.400854 0.18078
0.33498 0.60046 0.60046 0.33498
0.242005 0.321453 0.321453 0.242005
0.942645 0.372019 0.372019 0.942645
0.150155 0.908544 0.908544 0.150155
0.192872 0.720017 0.720017 0.192872
0.917019 0.707192 0.707192 0.917019
0.609152 0.104088 0.104088 0.609152
0.826058 0.352175 0.352175 0.826058
0.294357 0.394971 0.394971 0.294357
0.351543 0.982407 0.982407 0.351543
0.821471 0.651915 0.651915 0.821471
0.942686 0.522576 0.522576 0.942686
0.25345 0.260367 0.260367 0.25345
0.0333826 0.381426 0.381426 0.0333826
0.70435 0.0443263 0.0443263 0.70435
0.446397 0.862449 0.862449 0.446397
0.923898 0.232149 0.232149 0.923898
0.0870161 0.75322 0.75322 0.0870161
0.618566 0.121282 0.121282 0.618566
0.661065 0.329924 0.329924 0.661065
0.647277 0.0810377 0.0810377 0.647277
0.942507 0.831905 0.831905 0.942507
0.433996 0.647779 0.647779 0.433996
0.0058769 0.442924 0.442924 0.0058769
0.170546 0.0452579 0.0452579 0.170546
0.0292842 0.819709 0.819709 0.0292842
0.178004 0.842085 0.842085 0.178004
0.596795 0.297798 0.297798 0.596795
0.399661 0.234345 0.234345 0.399661
0.720918 0.822392 0.822392 0.720918
0.036127 0.749574 0.749574 0.036127
0.896564 0.983686 0.983686 0.896564
0.49318 0.820011 0.820011 0.49318
0.768794 0.119378 0.119378 0.768794
0.463071 0.383932 0.383932 0.463071
0.2433 0.347121 0.347121 0.2433
0.760439 0.87395 0.87395 0.760439
0.44916 0.661323 0.661323 0.44916
0.760645 0.392125 0.392125 0.760645
0.271386 0.487801 0.487801 0.271386
0.492082 0.448677 0.448677 0.492082
0.881362 0.234503 0.234503 0.881362
0.969412 0.120144 0.120144 0.969412
0.371313 0.23883 0.23883 0.371313
0.420725 0.405419 0.405419 0.420725
0.0445135 0.719594 0.719594 0.0445135
0.147521 0.343189 0.343189 0.147521
0.502558 0.051674 0.051674 0.502558
0.0232323 0.737512 0.737512 0.0232323
0.633887 0.692972 0.692972 0.633887
0.3615 0.275511 0.275511 0.3615
0.325689 0.576008 0.576008 0.325689
0.979476 0.854144 0.854144 0.979476
0.997296 0.800833 0.800833 0.997296
0.358387 0.403828 0.403828 0.358387
0.86778 0.692668 0.692668 0.86778
0.336838 0.870021 0.870021 0.336838
0.67708 0.75972 0.75972 0.67708
0.815593 0.132196 0.132196 0.815593
0.308814 0.0426409 0.0426409 0.308814
0.655227 0.364414 0.364414 0.655227
0.512187 0.523862 0.523862 0.512187
0.0765976 0.500242 0.500242 0.0765976
0.0797177 0.533623 0.533623 0.0797177
0.792005 0.0675532 0.0675532 0.792005
0.68475 0.718964 0.718964 0.68475
0.236411 0.962328 0.962328 0.236411
0.288129 0.727555 0.727555 0.288129
0.612712 0.187229 0.187229 0.612712
0.76282 0.703063 0.703063 0.76282
0.645509 0.437077 0.437077 0.645509
0.384458 0.667969 0.667969 0.384458
0.100302 0.603418 0.603418 0.100302
0.657519 0.907611 0.907611 0.657519
0.273773 0.871316 0.871316 0.273773
0.33923 0.689101 0.689101 0.33923
0.2251 0.708827 0.708827 0.2251
0.574113 0.0404666 0.0404666 0.574113
0.522562 0.649429 0.649429 0.522562
0.141833 0.655978 0.655978 0.141833
0.925297 0.4108 0.4108 0.925297
0.906916 0.608891 0.608891 0.906916
0.959057 0.281597 0.281597 0.959057
0.329834 0.811592 0.811592 0.329834
0.772379 0.308425 0.308425 0.772379
0.093113 0.908774 0.908774 0.093113
0.457437 0.244529 0.244529 0.457437
0.537186 0.46139 0.46139 0.537186
0.896101 0.17102 0.17102 0.896101
0.0986416 0.060797 0.060797 0.0986416
0.780351 0.782352 0.782352 0.780351
0.144364 0.496999 0.496999 0.144364
0.681221 0.279272 0.279272 0.681221
0.767717 0.938251 0.938251 0.767717
0.648977 0.232079 0.232079 0.648977
0.967187 0.474395 0.474395 0.967187
0.293413 0.336818 0.336818 0.293413
4.19165e-05 0.374 0.374 4.19165e-05
0.391625 0.611157 0.611157 0.391625
0.0074889 0.381028 0.381028 0.0074889
0.264732 0.00852913 0.00852913 0.264732
0.962903 0.952232 0.952232 0.962903
0.80401 0.845703 0.845703 0.80401
0.241073 0.493914 0.493914 0.241073
0.515391 0.671359 0.671359 0.515391
0.256542 0.518201 0.518201 0.256542
0.0038651 0.289893 0.289893 0.0038651
0.960445 0.264014 0.264014 0.960445
0.325486 0.819754 0.819754 0.325486
0.912179 0.57268 0.57268 0.912179
0.0248269 0.73923 0.73923 0.0248269
0.145645 0.530634 0.530634 0.145645
0.697944 0.62837 0.62837 0.697944
0.750199 0.311299 0.311299 0.750199
0.321533 0.523005 0.523005 0.321533
0.555454 0.27704 0.27704 0.555454
0.090933 0.309794 0.309794 0.090933
0.962276 0.764285 0.764285 0.962276
0.303937 0.350762 0.350762 0.303937
0.96104 0.827812 0.827812 0.96104
0.559626 0.332307 0.332307 0.559626
0.0301333 0.58021 0.58021 0.0301333
0.746321 0.581925 0.581925 0.746321
0.168269 0.507797 0.507797 0.168269
0.3337 0.687916 0.687916 0.3337
0.562972 0.734385 0.734385 0.562972
0.19572 0.827609 0.827609 0.19572
0.409978 0.0521217 0.0521217 0.409978
0.608096 0.410652 0.410652 0.608096
0.571092 0.321382 0.321382 0.571092
0.0626174 0.379432 0.379432 0.0626174
0.0962212 0.183293 0.183293 0.0962212
0.492987 0.125513 0.125513 0.492987
0.862867 0.133927 0.133927 0.862867
0.354743 0.637158 0.637158 0.354743
0.979096 0.144301 0.144301 0.979096
0.663116 0.605545 0.605545 0.663116
0.615724 0.0087532 0.0087532 0.615724
0.578877 0.140011 0.140011 0.578877
0.023206 0.327895 0.327895 0.023206
0.638128 0.302659 0.302659 0.638128
0.992679 0.869788 0.869788 0.992679
0.48518 0.799735 0.799735 0.48518
0.671144 0.583299 0.583299 0.671144
0.603502 0.29813 0.29813 0.603502
0.618102 0.796886 0.796886 0.618102
0.981814 0.974077 0.974077 0.981814
0.135278 0.131487 0.131487 0.135278
0.657466 0.798023 0.798023 0.657466
0.836473 0.773913 0.773913 0.836473
0.0631927 0.237447 0.237447 0.0631927
0.544764 0.790716 0.790716 0.544764
0.60273 0.741298 0.741298 0.60273
0.426472 0.218488 0.218488 0.426472
0.65151 0.800109 0.800109 0.65151
0.0314456 0.637831 0.637831 0.0314456
0.465408 0.798754 0.798754 0.465408
0.0710771 0.896524 0.896524 0.0710771
